1000
9722
340 799
893 849
552 758
655 827
10 950
411 251
581 472
592 142
514 378
316 429
541 769
822 134
296 530
703 430
606 329
993 124
764 57
211 85
813 588
838 962
995 744
442 47
27 780
360 34
812 210
325 198
390 543
850 159
694 534
489 702
277 417
842 42
854 391
750 942
843 902
47 154
784 933
749 639
256 120
283 425
138 680
259 207
848 498
186 17
453 190
13 923
746 832
194 240
79 618
716 962
252 959
10 27
602 27
142 515
444 952
434 744
520 615
460 981
873 111
347 993
352 40
493 198
555 601
636 494
34 744
16 618
123 132
671 317
785 730
845 998
326 244
666 814
188 4
801 914
430 758
262 194
675 519
803 77
778 134
391 277
758 828
643 73
515 484
529 668
776 760
985 61
851 762
621 934
601 995
464 534
133 934
727 489
207 526
749 296
347 826
154 831
422 574
438 134
700 177
149 758
867 579
84 809
768 272
707 139
612 349
236 247
870 744
177 73
556 0
893 734
209 944
255 497
794 230
439 260
54 849
373 744
862 398
413 553
148 949
752 839
699 34
354 605
227 695
119 384
419 2
432 200
598 867
882 541
419 553
399 712
767 434
443 834
602 448
327 138
111 935
258 935
546 105
985 698
74 870
632 612
345 680
915 444
791 795
390 769
120 272
830 582
439 153
506 364
46 933
529 12
898 404
926 329
724 6
891 77
658 361
648 975
72 111
178 471
629 529
98 818
28 113
404 711
736 357
732 828
548 139
285 261
288 376
874 578
486 104
615 104
753 220
481 233
667 329
422 901
713 813
561 472
395 927
897 936
156 550
296 336
650 548
224 736
192 272
792 94
849 739
770 995
651 288
502 132
881 918
698 697
789 356
103 364
705 205
985 971
819 253
364 113
713 355
930 428
419 780
306 452
243 329
278 50
907 659
158 582
429 335
865 54
633 249
743 807
507 327
73 417
815 765
635 117
113 744
69 330
170 794
993 360
356 625
822 800
904 758
954 335
635 907
326 961
547 77
161 198
700 7
666 989
427 625
566 240
420 989
498 543
659 104
864 688
255 659
507 202
264 146
314 870
356 649
124 415
105 829
955 337
927 938
843 526
738 205
927 6
599 474
973 994
406 303
819 533
753 223
35 799
455 125
939 244
861 87
12 780
81 699
859 20
452 414
148 519
812 902
212 750
210 756
346 563
614 370
277 370
820 301
478 158
253 330
970 329
102 63
602 583
457 146
579 94
183 227
589 41
212 447
626 837
103 351
596 750
682 907
408 364
402 563
356 146
185 955
312 927
630 28
552 720
511 892
144 476
950 391
61 159
834 854
359 829
313 870
490 38
641 745
308 252
980 606
396 534
256 432
827 357
512 688
362 370
33 313
421 277
872 129
459 417
532 534
938 297
951 95
155 73
324 618
78 593
418 964
154 313
720 417
400 157
707 78
289 867
530 758
753 335
271 197
377 695
378 699
18 293
75 631
529 967
254 17
250 649
543 155
318 627
811 801
900 983
352 207
976 808
572 702
907 415
613 895
19 357
327 859
567 998
27 808
810 790
445 576
288 620
282 329
925 143
341 821
538 950
838 968
353 790
707 458
75 26
899 77
24 13
505 847
132 870
366 99
163 171
23 204
235 776
474 65
38 555
970 699
891 771
611 419
531 331
297 38
973 528
981 374
295 239
175 983
82 945
439 165
630 947
503 317
103 428
274 21
954 686
121 9
928 889
7 376
358 191
899 348
264 788
301 192
638 818
647 320
131 919
549 137
36 317
399 556
945 0
385 394
647 155
985 670
552 752
441 134
472 370
337 105
452 34
236 738
202 777
745 733
833 252
792 217
871 605
512 108
160 300
457 33
641 246
860 17
853 873
109 49
778 406
936 718
541 605
492 284
48 938
354 554
618 113
745 828
919 162
790 8
715 889
291 686
964 73
849 667
812 301
602 71
398 207
658 0
729 313
269 51
260 294
623 790
651 192
359 370
293 618
186 947
701 215
342 265
195 359
405 883
727 847
880 958
606 34
333 8
673 125
506 945
393 320
634 971
297 158
646 235
820 855
281 537
634 597
240 720
217 155
81 761
261 41
322 638
674 625
201 18
373 935
807 664
344 617
631 329
719 941
174 902
86 381
656 369
194 967
489 458
756 832
226 614
348 843
97 882
731 902
381 554
854 415
678 653
470 209
584 78
165 277
143 320
787 426
443 890
345 639
918 11
262 317
302 975
529 949
824 618
914 780
669 434
974 381
286 136
707 7
521 934
221 287
320 272
182 843
659 519
515 843
420 292
316 112
644 733
473 751
598 258
630 975
753 570
820 734
953 552
877 314
919 288
575 525
765 681
453 137
657 506
420 498
70 828
455 75
946 441
818 381
384 215
970 662
80 734
994 8
654 18
564 158
894 448
645 995
807 241
701 868
5 23
256 386
588 876
521 77
781 790
843 301
324 718
15 200
331 668
784 526
68 917
661 346
347 990
280 321
36 803
83 760
979 414
635 355
200 447
957 833
311 46
79 472
608 618
814 421
469 302
249 903
864 553
772 289
843 129
468 29
306 586
829 277
249 336
927 519
749 195
552 134
524 387
107 959
380 421
347 29
216 899
672 596
65 434
945 452
587 180
661 808
772 926
644 366
841 638
78 814
278 512
685 192
944 739
699 113
229 625
83 110
811 860
261 360
383 101
578 984
221 710
168 306
698 760
155 277
461 879
945 605
25 989
323 581
811 833
566 699
919 393
177 574
205 804
243 454
851 488
695 758
869 328
124 41
584 147
847 964
333 598
587 659
960 982
279 288
216 220
672 161
307 104
865 808
507 339
867 418
960 465
102 386
664 14
933 238
419 244
179 394
677 994
130 729
799 329
917 378
750 72
473 287
329 370
824 707
92 557
438 94
879 329
671 868
208 48
124 962
280 961
251 926
463 73
190 205
262 208
327 772
949 870
315 310
545 99
384 582
307 898
499 965
409 63
279 342
457 732
335 615
984 833
844 567
493 954
598 707
925 85
212 64
700 933
274 373
976 663
520 854
174 317
611 115
432 51
727 329
674 779
568 873
931 60
678 54
467 364
524 60
463 644
285 700
571 963
885 286
545 967
728 854
435 961
759 505
220 668
738 769
611 191
889 707
708 641
187 903
517 983
974 41
401 530
799 995
269 873
815 864
789 553
122 873
441 28
597 381
681 545
536 922
58 251
481 39
600 808
387 309
508 114
664 366
529 975
619 866
696 115
705 686
462 72
912 490
326 271
41 252
501 713
233 840
561 461
930 4
496 243
74 272
175 2
44 166
352 452
294 258
612 435
666 914
457 60
967 155
654 864
831 902
526 41
422 799
648 89
545 548
807 82
456 538
637 459
813 904
899 647
310 93
601 6
383 301
413 814
484 553
542 320
70 322
749 975
830 823
220 6
862 936
175 877
854 952
885 771
896 38
917 101
606 952
72 465
614 828
577 200
464 177
983 778
931 71
70 130
723 671
910 461
600 146
54 421
973 264
944 376
516 274
87 591
784 587
93 40
175 633
693 266
927 425
954 0
216 644
642 673
250 548
858 320
825 283
50 111
212 515
806 370
25 745
176 369
870 415
806 588
335 147
793 677
20 303
781 739
29 684
418 139
132 816
289 27
893 369
832 961
695 959
976 317
542 932
451 449
520 407
143 902
312 750
462 690
636 474
310 246
381 952
209 876
146 952
284 649
297 136
760 840
81 809
794 797
37 780
843 809
624 266
264 941
372 528
248 313
904 38
349 547
166 346
500 153
329 415
318 246
99 413
104 381
987 845
246 147
756 995
192 277
625 391
200 818
577 877
629 783
147 180
195 309
989 894
658 77
480 620
690 790
842 139
391 136
100 638
793 994
610 343
806 374
238 472
485 249
432 111
699 554
575 625
900 814
331 648
111 73
165 710
591 832
761 104
651 455
966 20
498 36
724 733
527 731
990 417
506 199
96 894
998 381
980 794
774 615
775 226
762 12
958 618
58 490
564 474
916 786
759 850
240 74
305 369
699 961
679 876
0 458
227 952
473 48
655 99
976 155
99 934
835 649
604 215
115 774
569 808
263 381
772 945
463 769
73 370
866 950
960 64
796 255
974 108
616 2
108 870
751 617
957 383
594 891
19 968
16 648
763 496
178 874
681 576
800 605
381 65
384 515
514 890
736 982
664 202
209 41
290 215
860 689
239 832
147 308
212 583
319 378
151 368
960 672
196 731
852 619
915 36
50 653
411 776
620 252
266 360
693 335
277 34
2 625
721 541
72 94
902 554
278 154
669 614
405 777
671 1
51 232
374 732
957 84
369 817
751 268
822 845
24 526
200 290
596 572
683 975
618 614
987 671
400 174
557 934
237 470
856 941
109 741
364 360
55 359
588 752
147 238
184 41
62 853
883 601
118 942
438 803
341 129
303 963
336 477
230 732
940 601
939 99
139 329
744 272
865 662
437 263
333 464
759 349
363 147
959 6
864 366
138 968
58 184
638 727
841 784
39 610
133 720
202 446
140 470
298 54
253 747
538 797
493 866
201 14
374 976
116 657
922 877
340 855
203 230
111 941
150 731
498 339
686 548
947 430
831 872
513 232
41 833
279 909
797 57
171 284
525 477
815 296
950 941
976 467
313 464
883 314
696 939
18 552
147 252
297 386
40 417
349 141
598 768
549 377
120 430
24 269
656 719
420 97
15 598
377 934
373 417
963 870
405 994
392 471
268 847
479 467
324 162
256 391
436 915
178 893
160 691
855 779
71 667
899 7
869 39
992 843
214 17
754 40
27 631
126 591
445 926
476 754
249 846
714 449
435 614
224 923
849 28
604 71
250 41
932 108
115 366
41 155
970 761
791 569
19 421
512 57
750 192
27 974
795 876
66 553
708 944
922 56
768 381
842 858
464 823
51 6
951 50
832 371
591 113
572 499
563 105
208 627
210 593
895 944
203 774
111 421
87 215
581 952
659 688
173 294
766 159
426 246
970 72
530 94
340 659
544 155
922 623
908 356
87 30
609 205
183 953
132 421
637 98
110 230
351 402
16 442
696 694
465 553
158 808
369 942
919 272
317 464
191 734
702 320
735 215
351 662
237 377
469 552
459 182
829 614
28 74
204 394
833 963
622 694
877 78
524 103
141 933
977 364
749 202
358 284
62 238
637 545
653 41
970 153
852 124
650 892
208 806
194 340
251 581
500 286
361 947
942 855
281 844
72 73
271 771
568 214
161 36
606 356
667 963
817 934
193 779
534 814
970 534
715 396
979 814
27 761
554 963
731 250
987 18
943 615
354 355
827 204
303 360
482 297
606 146
146 277
861 845
251 6
198 816
798 608
563 961
73 828
656 64
908 683
866 625
724 554
429 889
795 465
33 305
205 808
702 465
678 472
9 870
711 84
142 668
464 669
335 873
500 820
170 744
198 125
805 419
827 780
536 422
609 992
468 419
223 545
311 485
839 320
802 266
912 948
435 101
228 856
152 568
944 360
788 541
656 576
886 18
717 574
927 80
158 875
224 753
685 74
948 232
733 653
947 371
755 945
890 6
846 113
279 314
530 699
311 610
597 876
954 703
63 720
9 833
227 867
975 250
283 300
122 579
728 829
10 421
449 731
908 549
734 828
480 877
946 230
168 886
974 526
218 510
692 919
675 830
462 354
680 597
522 129
967 78
781 426
832 601
423 734
319 650
109 475
507 632
420 174
369 704
577 111
665 204
722 113
173 300
768 155
122 356
527 76
781 596
788 721
178 349
775 441
361 226
407 544
270 457
208 406
368 89
295 703
709 184
86 775
945 139
646 707
726 820
949 563
778 631
608 923
526 935
449 317
795 606
699 192
129 950
726 50
609 739
361 584
985 154
964 391
624 421
365 173
685 876
958 776
905 405
340 845
125 739
945 370
408 849
808 277
454 115
843 620
164 760
514 574
576 631
261 936
910 703
754 843
588 829
108 320
221 705
698 992
331 444
543 541
168 912
392 600
732 876
922 14
57 94
840 739
970 653
463 593
216 125
67 85
933 554
676 974
160 564
671 591
777 368
496 469
947 669
101 57
469 662
469 598
997 196
53 929
833 180
336 146
707 101
6 391
476 309
713 402
225 415
762 750
19 430
557 543
797 27
527 563
259 482
851 292
302 489
339 574
946 808
640 368
334 115
336 0
506 877
0 699
915 357
682 918
368 477
738 685
41 941
4 761
454 133
224 808
614 320
268 923
769 329
900 828
757 618
927 684
67 694
170 670
335 942
644 290
244 870
720 277
213 866
712 809
557 817
196 972
378 702
511 886
78 359
155 618
524 155
468 232
351 628
950 65
471 147
724 548
124 699
886 920
955 117
287 472
953 192
633 386
336 570
115 121
326 249
291 18
984 900
536 102
419 18
637 413
744 320
494 328
208 875
4 207
886 499
755 930
54 418
662 829
606 370
26 855
36 366
901 272
2 722
473 159
481 381
8 192
534 941
543 605
205 876
993 225
69 54
267 529
118 427
91 614
618 379
758 950
375 237
293 945
897 77
335 165
940 64
471 528
843 225
359 554
88 267
983 438
6 34
678 541
51 769
275 955
562 894
249 555
893 129
239 108
28 313
426 229
956 415
83 345
318 938
28 21
227 212
799 472
344 992
71 65
478 511
313 963
527 928
168 404
420 270
491 43
561 552
511 137
245 727
540 474
912 669
92 229
353 716
332 944
893 845
888 357
421 360
241 731
117 653
459 934
433 468
193 250
709 539
762 503
573 702
775 334
689 43
240 446
308 314
377 269
80 831
353 519
41 752
812 51
44 897
283 686
266 779
158 458
698 865
771 823
70 20
375 731
799 360
644 628
714 797
826 776
731 360
500 438
923 829
336 877
482 729
325 14
216 463
986 871
925 258
602 833
539 21
819 739
576 591
30 816
639 84
778 486
767 398
747 728
258 548
761 252
200 541
715 301
497 40
245 974
931 659
33 535
257 846
976 68
505 519
875 136
836 734
926 540
2 369
855 902
737 484
645 823
815 529
398 903
902 379
146 381
275 304
509 506
500 75
256 742
112 309
281 944
296 403
930 479
245 827
319 905
218 289
458 57
803 293
643 49
457 747
452 614
784 833
7 829
712 982
687 444
965 89
105 952
235 351
998 238
670 27
743 949
76 104
505 582
603 710
107 50
997 962
75 699
441 828
335 647
538 371
693 411
343 593
590 506
58 394
661 995
109 4
827 579
72 417
877 386
860 511
387 597
853 928
309 155
823 699
922 848
870 417
759 929
461 413
374 840
262 85
153 829
814 74
388 252
115 965
232 854
126 114
165 610
647 89
89 625
436 731
947 799
371 963
663 410
997 241
120 417
659 758
599 357
942 563
119 816
611 166
406 51
797 125
97 226
299 727
782 402
802 717
569 728
567 970
485 387
72 136
530 177
584 614
334 161
714 931
284 962
300 165
817 699
841 474
832 329
252 870
362 606
493 938
850 515
661 65
629 573
792 547
806 125
137 417
110 744
443 625
912 393
45 473
671 301
724 89
988 74
81 878
292 525
201 975
628 139
768 933
890 803
721 975
329 414
159 804
590 87
162 945
258 329
823 6
360 614
507 60
688 386
713 801
444 669
897 574
239 562
635 499
724 583
988 110
881 721
503 888
108 548
548 752
475 669
133 873
321 146
222 799
48 428
726 409
706 584
454 301
42 297
870 192
706 244
499 430
468 670
157 171
790 134
723 83
350 77
205 601
523 176
979 554
265 935
932 280
524 313
642 421
333 710
207 555
9 277
659 391
152 516
899 849
308 74
348 576
582 739
204 492
508 971
46 89
459 949
561 56
157 121
197 711
934 588
626 495
506 308
305 933
807 952
164 596
759 952
307 41
893 210
85 790
28 77
546 994
993 136
157 107
819 470
193 620
80 959
544 605
560 148
779 959
55 721
152 794
738 703
557 425
432 436
999 145
636 516
558 581
570 876
188 479
616 674
104 73
527 13
890 80
813 260
875 952
609 202
419 428
900 847
78 964
311 250
675 438
163 486
611 826
229 359
997 33
944 876
435 413
363 976
243 840
341 488
452 134
786 570
367 447
322 588
529 210
504 260
145 419
774 63
940 107
77 252
452 199
25 534
786 964
290 555
783 448
565 814
634 947
343 434
108 139
210 681
508 634
932 338
857 847
358 338
893 891
602 31
412 864
352 185
363 990
975 761
775 557
537 779
695 51
865 84
926 337
331 678
98 834
75 552
408 405
670 593
210 154
332 658
527 374
649 370
990 519
46 147
238 964
248 750
282 941
493 190
638 33
966 30
952 839
856 776
14 570
534 804
539 964
59 832
602 430
98 582
537 597
600 704
633 226
941 669
50 933
850 514
550 639
441 649
920 434
8 57
441 339
67 479
702 768
867 343
299 774
269 606
899 760
875 832
580 721
760 718
247 986
924 968
685 430
44 610
34 320
506 412
213 197
748 898
333 537
15 987
335 618
228 497
662 579
965 8
118 727
743 102
943 744
240 489
170 301
756 136
64 13
179 346
228 603
421 136
66 98
429 863
831 795
415 744
782 883
437 114
892 418
754 975
888 901
838 29
859 867
613 193
951 476
662 779
210 431
896 538
787 592
612 362
421 272
758 472
346 41
666 758
873 320
563 7
635 555
520 394
126 287
779 941
478 131
899 333
900 50
664 268
842 497
467 34
570 108
564 903
461 105
194 146
611 699
64 854
900 2
526 38
96 355
385 826
894 6
231 821
653 238
293 581
560 370
574 181
296 470
862 864
514 359
324 121
726 792
728 72
558 421
593 744
681 950
103 484
149 153
332 146
844 519
962 238
454 249
50 225
491 973
434 277
780 34
757 217
966 385
448 9
199 34
539 737
516 320
709 548
359 73
995 391
601 752
597 588
480 569
245 972
450 690
80 795
572 864
928 370
530 534
549 225
796 724
97 582
60 146
717 20
267 760
556 735
514 581
295 9
27 917
656 150
960 254
781 428
822 410
127 413
747 683
554 434
891 290
278 607
962 225
340 688
296 244
786 342
930 616
330 383
413 935
200 423
1 40
933 0
369 207
891 355
204 498
688 124
848 758
447 747
597 321
799 744
714 346
284 111
15 49
631 669
455 148
552 601
879 662
426 157
22 935
119 849
456 413
83 657
44 907
198 945
800 608
160 528
58 828
824 809
190 360
12 105
161 702
655 716
30 20
640 864
45 159
16 895
285 456
680 2
120 855
128 656
654 264
694 962
165 702
430 959
377 856
764 931
839 414
284 106
399 882
919 615
299 252
441 381
209 20
350 950
145 511
305 945
333 554
611 939
517 287
518 841
479 839
885 773
534 718
364 588
864 396
772 967
918 381
69 950
635 970
342 540
69 438
629 490
301 65
64 162
845 870
497 739
709 509
192 614
590 177
88 272
893 277
380 561
835 962
18 828
350 520
532 626
560 516
655 229
921 680
773 612
390 401
63 776
551 93
306 349
888 625
137 762
486 252
279 207
777 545
657 401
491 894
542 390
186 644
129 758
62 69
386 465
358 238
559 59
389 637
358 867
107 901
181 136
574 303
420 69
118 394
104 430
576 415
859 490
574 38
674 258
787 691
779 320
268 866
6 828
353 582
302 34
677 555
641 250
262 36
723 981
858 177
801 311
248 379
235 241
991 307
350 165
199 192
860 965
728 935
108 415
807 134
236 544
395 372
520 699
780 823
101 94
535 198
734 430
269 293
960 517
288 269
379 744
410 653
832 379
447 889
941 320
583 486
210 788
872 582
732 588
173 524
222 252
137 441
367 795
414 272
734 833
430 941
937 923
894 581
237 714
307 914
427 394
904 614
331 554
443 601
188 529
977 762
820 250
540 703
940 814
855 739
674 739
381 108
1 385
30 41
122 368
785 854
994 360
230 814
691 348
535 135
26 890
128 457
604 745
827 78
195 205
574 359
470 125
937 38
938 38
56 238
528 162
962 472
841 870
837 540
821 232
805 371
705 425
468 309
541 153
17 519
394 667
718 38
521 378
993 582
911 567
808 6
441 465
229 918
480 669
64 251
185 74
999 731
50 576
107 888
739 614
967 959
68 351
980 210
595 393
167 229
862 202
0 876
144 770
103 423
976 994
960 388
113 370
634 414
916 699
383 944
118 14
50 339
344 515
509 200
358 14
125 297
916 128
619 587
41 605
8 370
555 94
399 97
569 414
102 280
701 582
178 463
323 559
846 31
60 21
354 364
491 948
538 887
494 946
94 379
715 588
367 229
302 308
981 134
177 593
787 963
186 109
18 490
299 282
441 530
610 581
780 108
19 333
77 944
751 648
187 584
316 686
908 428
860 210
90 774
203 598
772 207
857 835
984 862
808 413
752 870
280 373
115 359
449 967
270 778
327 20
392 135
425 458
201 406
365 48
89 614
831 534
514 856
811 347
623 497
869 675
950 272
503 423
524 232
192 839
577 135
643 710
534 370
33 89
19 535
738 406
197 828
427 446
7 959
500 47
389 160
337 77
619 120
703 379
99 141
258 252
922 992
841 1
256 289
100 468
265 301
723 871
463 699
491 673
551 239
398 106
20 959
340 902
699 614
926 117
386 72
186 914
184 870
164 677
649 303
112 266
334 157
814 588
120 614
783 786
182 694
297 193
613 320
725 239
595 564
185 840
649 952
682 301
374 839
588 180
763 37
883 752
485 989
361 677
873 934
586 101
398 525
530 757
523 809
340 146
824 72
546 238
606 72
711 226
746 504
68 720
144 524
845 371
147 120
977 362
874 615
200 738
327 817
275 664
587 199
891 965
69 60
485 990
601 414
257 628
431 101
58 581
597 378
642 380
579 941
884 971
84 729
903 628
743 144
134 38
651 370
208 444
149 525
927 920
212 297
730 330
706 576
762 758
224 608
666 27
819 581
601 379
785 531
743 247
919 535
991 80
418 108
272 828
50 760
378 0
115 356
242 983
616 225
484 226
543 702
887 832
856 868
699 136
914 36
971 403
738 155
624 884
556 426
432 259
536 562
236 530
697 605
269 12
219 945
543 63
875 605
325 597
806 779
211 63
404 920
967 554
766 310
801 158
522 795
994 588
172 559
171 965
388 118
861 121
122 105
725 369
382 459
286 546
526 876
246 266
995 180
259 899
44 861
155 417
502 864
439 613
3 550
843 0
848 721
209 465
823 814
46 415
21 823
859 209
743 537
283 780
354 499
528 628
457 959
324 927
703 752
565 294
36 799
800 101
316 812
105 371
78 180
605 430
776 147
188 838
121 361
615 685
925 54
788 465
478 332
156 200
870 370
568 808
512 190
781 899
530 430
362 546
953 32
682 736
221 346
788 452
954 962
742 943
964 180
140 759
857 686
0 225
570 265
976 272
485 664
581 74
184 832
551 787
888 526
83 182
77 364
633 574
793 552
825 979
779 238
396 177
285 965
564 797
918 779
44 254
469 688
454 931
668 677
794 546
965 72
808 181
243 762
423 244
732 180
980 966
74 548
154 540
258 839
169 982
844 558
701 554
694 238
623 906
58 63
908 653
868 101
641 18
119 230
871 870
103 418
606 669
711 406
691 979
45 358
436 769
586 379
173 514
158 199
666 886
191 94
968 113
629 115
246 238
461 793
627 391
174 525
784 39
344 284
456 321
718 73
270 550
545 563
279 149
872 383
78 959
545 732
788 209
256 10
592 174
116 94
86 488
978 439
263 78
736 834
974 8
495 797
567 756
718 553
204 377
827 4
110 800
820 401
312 209
149 648
783 799
640 667
381 720
491 591
869 558
929 581
893 368
863 769
417 414
33 674
990 548
874 604
803 808
313 703
959 329
168 588
655 538
45 566
895 465
480 866
990 902
657 422
128 734
883 870
974 181
102 121
899 818
322 875
862 339
989 448
756 877
302 721
997 792
27 843
714 284
445 205
537 428
384 987
479 171
398 444
633 342
35 467
981 416
101 320
731 371
137 714
283 619
242 78
966 240
193 73
154 40
530 458
888 329
853 758
886 888
862 975
732 720
279 780
434 370
867 761
462 51
210 464
94 870
916 938
223 876
493 840
33 820
865 799
254 369
682 459
323 427
801 74
93 808
411 171
649 139
458 779
954 768
869 223
248 51
40 941
403 415
848 606
698 269
455 541
173 290
547 309
63 248
564 429
25 442
843 574
987 783
360 272
383 998
724 193
585 91
861 486
894 472
257 914
103 606
17 971
570 192
151 134
612 873
946 334
724 111
968 314
847 30
769 833
694 591
721 622
70 121
988 891
107 688
903 870
690 269
793 683
951 767
813 681
798 480
561 616
238 113
261 9
665 866
68 301
977 145
870 277
772 410
931 20
814 57
759 261
795 593
396 959
129 155
190 43
275 85
512 280
525 902
453 113
155 415
513 161
796 42
207 472
337 662
690 220
572 51
48 716
930 998
587 831
806 704
810 576
507 183
448 342
597 359
365 461
762 803
103 929
700 125
234 727
163 39
973 349
347 521
787 750
151 816
188 378
187 514
540 134
908 967
170 398
654 909
839 370
68 458
14 653
270 330
292 412
91 779
945 192
940 660
711 155
415 113
673 320
780 877
889 720
136 113
710 89
280 548
479 51
843 376
209 474
162 356
490 134
287 135
818 41
852 12
654 732
106 694
876 601
95 704
44 292
356 769
185 633
682 122
247 195
337 808
564 735
270 883
745 30
485 630
994 314
0 381
551 339
23 577
29 534
359 74
925 834
125 360
578 232
463 623
523 153
604 368
131 778
271 735
515 903
88 346
915 631
545 91
742 738
280 229
845 0
875 192
22 440
187 600
645 635
135 464
344 21
893 146
940 863
472 614
648 839
762 34
145 9
611 566
77 74
87 472
27 968
789 619
966 370
337 688
237 401
781 483
835 824
587 428
256 401
563 554
246 934
372 143
663 153
168 250
391 828
589 688
49 409
381 618
323 968
667 574
634 427
154 840
704 917
404 66
537 441
895 54
995 828
547 370
483 250
544 113
874 276
621 351
974 308
509 837
387 370
639 817
893 241
442 309
314 415
647 20
135 754
17 114
62 954
19 263
683 731
437 617
401 84
985 413
849 414
440 654
472 839
136 34
175 792
520 129
929 266
736 179
352 146
164 148
166 308
718 252
926 77
421 828
262 346
959 417
245 694
298 527
429 20
782 252
704 849
786 28
332 210
159 659
33 40
42 634
222 97
413 876
508 547
831 89
285 783
301 34
167 359
668 862
138 260
413 588
267 317
250 870
317 65
617 41
397 927
918 902
766 381
609 21
59 379
291 429
496 155
59 192
463 335
571 29
18 153
976 266
2 238
759 162
442 80
524 891
921 677
107 141
496 138
571 576
687 537
609 40
949 871
345 553
167 661
958 193
111 876
834 94
540 101
655 146
302 46
44 260
910 135
899 215
216 799
255 32
834 484
792 272
700 461
259 442
646 342
167 162
880 303
420 417
376 829
1 230
36 452
559 924
82 926
393 16
445 664
500 555
394 89
238 73
900 498
699 964
595 608
285 420
546 51
23 191
875 458
241 215
169 333
553 421
930 534
302 379
986 620
905 376
355 979
586 877
78 38
873 474
32 430
467 574
310 193
228 431
895 582
160 755
864 577
978 121
559 489
169 628
295 573
531 428
170 81
305 103
130 226
362 105
485 943
527 465
494 388
388 337
663 94
478 946
591 631
290 828
92 894
311 774
665 805
984 294
499 653
225 320
85 343
910 134
254 314
373 418
484 829
141 277
89 136
102 398
887 359
951 453
287 11
504 356
156 958
249 601
981 490
316 117
974 870
142 921
714 618
816 993
583 610
688 648
123 541
740 686
491 225
882 78
704 472
831 38
670 769
660 591
748 521
364 78
420 614
303 952
882 990
835 490
295 322
361 716
824 418
483 816
695 950
827 929
354 368
966 515
517 103
659 74
355 834
230 72
690 988
807 529
701 734
824 703
147 272
723 706
246 124
237 598
962 944
118 272
39 472
577 486
99 548
606 217
119 395
247 240
278 148
502 799
178 333
560 209
637 997
865 684
495 697
684 472
869 7
796 840
25 306
492 823
719 115
988 521
587 297
323 499
8 421
150 534
549 570
873 620
677 570
81 756
273 962
351 959
33 401
479 906
292 733
978 148
281 427
864 346
691 800
30 153
636 421
33 998
333 336
226 720
997 703
766 496
729 232
992 360
307 153
785 489
966 470
321 872
892 304
671 907
256 859
141 582
505 968
456 430
227 765
850 831
735 21
105 554
695 155
404 425
581 739
151 963
855 57
260 570
825 106
644 362
787 752
420 736
371 548
114 979
675 7
208 107
498 776
13 776
463 555
339 584
265 139
881 189
590 30
963 370
138 76
999 549
39 729
21 963
571 490
671 712
358 132
94 472
716 703
812 191
115 419
868 78
605 65
183 470
856 217
585 353
727 822
732 553
682 332
387 30
712 260
686 250
654 678
275 133
468 758
504 848
511 192
543 470
48 260
680 724
788 418
734 601
560 541
189 804
361 873
318 923
514 515
876 417
793 756
731 129
405 729
9 610
718 959
144 263
351 192
291 572
66 903
648 961
254 296
256 400
108 272
274 177
187 754
584 662
431 293
118 250
98 684
84 106
417 320
166 481
745 246
553 548
205 832
364 581
167 708
920 258
498 9
752 136
963 472
77 177
744 828
302 12
626 492
963 360
394 876
954 720
362 470
176 33
534 381
711 209
263 684
622 961
857 97
158 601
935 618
206 976
222 246
523 246
878 823
45 862
942 840
380 306
573 895
819 324
66 46
267 884
623 988
388 535
609 367
823 526
531 814
648 519
56 293
970 356
887 418
680 470
211 696
910 586
536 416
435 203
398 923
495 336
481 731
561 583
960 383
210 631
52 727
498 458
440 774
494 60
572 826
274 864
288 406
94 370
199 833
428 576
465 320
823 631
339 89
424 60
812 580
218 49
994 415
718 105
165 503
336 165
689 574
564 923
422 499
104 829
462 349
918 155
753 628
104 376
497 125
919 200
138 176
935 952
653 625
337 574
640 43
623 887
706 41
959 964
779 94
361 199
238 136
570 855
606 73
395 968
145 584
314 73
299 856
934 579
815 313
576 339
54 962
603 909
47 861
697 127
122 71
969 816
390 355
560 907
966 413
53 833
960 745
326 263
142 567
300 788
943 425
389 440
404 260
436 803
56 915
426 543
319 799
341 484
427 828
65 421
214 535
342 406
615 155
159 441
976 127
959 360
223 274
927 802
10 65
539 155
305 774
538 803
902 104
437 134
373 314
35 769
18 177
814 963
841 849
526 588
552 8
689 334
134 180
968 944
435 135
578 176
624 980
195 778
219 52
434 414
590 346
118 233
494 462
794 118
822 683
588 360
97 107
701 39
717 303
727 313
157 937
24 40
289 659
122 617
250 669
308 113
984 865
454 376
111 902
107 134
692 112
856 30
825 717
483 529
338 84
294 648
799 739
851 149
714 297
818 111
375 456
364 563
187 474
588 238
568 852
718 829
463 437
892 360
46 875
327 50
306 338
843 28
200 8
417 113
939 793
411 534
802 942
435 868
471 110
429 73
653 768
52 112
318 514
512 396
186 736
319 858
351 816
229 964
554 360
888 591
55 408
832 180
860 485
674 465
681 226
552 959
91 472
959 601
635 674
15 399
714 381
133 553
202 464
315 260
228 342
488 247
12 141
400 863
988 191
751 979
400 205
433 513
546 484
255 395
135 266
265 579
226 662
198 570
47 39
741 36
718 104
732 430
99 870
651 219
676 667
90 401
772 475
501 71
222 139
785 56
130 386
605 625
771 379
150 854
883 814
530 829
538 888
215 831
850 52
680 171
104 579
405 250
939 769
918 579
974 474
83 535
60 293
75 674
592 656
576 139
691 106
172 677
40 993
43 355
404 601
177 555
764 137
127 875
24 992
377 968
328 493
482 867
263 964
380 205
508 863
259 215
123 576
605 553
554 329
711 97
387 685
655 792
522 791
332 90
497 78
701 464
941 417
31 804
791 983
484 854
787 17
226 383
916 663
267 135
409 995
829 320
728 934
422 200
776 945
818 761
597 360
132 581
428 944
848 443
121 484
850 983
271 872
642 614
123 71
657 194
160 495
341 984
518 169
120 902
453 444
236 949
60 104
543 72
421 417
126 884
191 360
984 986
758 155
356 465
969 371
106 74
815 124
213 300
975 129
247 839
838 58
511 191
232 941
409 793
104 6
318 221
533 159
480 671
670 596
982 280
492 6
734 685
298 998
667 339
670 561
871 974
905 314
768 563
62 765
534 139
123 135
75 524
162 829
335 461
413 41
514 902
526 65
710 470
660 490
714 573
419 992
455 914
226 373
385 258
835 120
441 297
437 162
181 94
988 435
177 105
877 994
410 133
618 6
235 664
762 674
725 976
746 560
70 805
478 542
82 64
959 94
796 43
212 649
656 74
418 113
955 530
811 255
599 555
454 60
686 28
812 786
997 814
66 591
627 303
776 574
356 111
173 189
466 538
960 953
797 824
296 661
181 277
524 729
120 314
606 320
495 553
502 726
495 441
265 192
221 429
205 935
963 180
669 370
982 50
962 360
327 716
696 543
252 277
761 935
288 628
384 620
665 437
256 794
899 418
189 215
751 175
212 710
886 992
741 915
55 590
205 34
241 968
275 113
392 799
913 474
800 915
47 452
321 78
69 834
556 338
454 718
615 320
483 454
967 809
199 964
578 376
412 803
33 660
630 229
692 750
35 230
817 467
746 285
783 223
482 739
605 155
382 817
847 761
63 99
677 32
44 744
864 816
411 505
981 602
905 543
65 739
135 872
704 132
721 414
982 609
107 303
376 415
815 649
338 625
664 704
533 61
960 850
681 721
402 329
896 634
984 43
313 108
773 214
702 923
237 593
651 525
922 65
407 795
96 539
298 804
266 721
940 362
32 77
359 963
429 263
354 738
128 224
735 959
296 471
180 379
930 569
400 670
291 614
283 360
52 94
992 34
784 302
482 11
958 2
733 804
22 768
512 669
295 367
290 125
388 280
733 877
914 962
184 952
551 111
159 34
111 359
85 871
61 39
799 563
419 277
177 360
385 308
256 494
365 607
134 579
638 78
716 444
580 435
208 237
927 839
213 901
338 366
370 828
403 904
57 421
641 681
503 8
929 579
23 254
888 444
703 381
777 89
88 448
882 521
756 232
206 757
835 251
832 876
29 913
965 750
15 990
861 685
775 201
789 771
710 541
841 631
896 789
63 875
424 614
369 40
762 931
135 241
330 694
676 704
208 343
433 745
711 750
269 20
472 379
704 226
428 438
643 386
395 401
803 32
237 669
330 8
713 660
672 660
101 136
394 649
941 272
36 625
315 747
936 244
149 514
772 16
982 754
936 362
631 526
466 1
620 685
682 779
41 963
838 244
856 779
381 414
485 423
686 902
96 414
638 514
757 610
259 467
197 964
710 452
552 614
354 661
65 870
715 631
475 336
38 814
305 918
99 768
251 313
965 964
441 525
922 465
925 287
78 41
480 199
949 241
580 71
777 288
755 687
621 909
354 32
283 615
889 51
56 887
391 272
42 54
426 503
561 257
598 744
733 548
579 998
630 32
76 369
890 158
921 488
263 94
59 191
56 498
470 771
570 452
531 54
193 649
881 868
645 355
800 866
297 685
810 257
963 391
989 442
175 343
756 943
183 546
482 217
416 727
936 793
770 314
733 320
697 546
613 98
547 795
801 47
450 557
796 755
38 129
547 873
156 381
51 553
854 752
809 356
13 962
8 180
929 845
341 523
279 336
599 735
959 34
121 918
243 722
161 288
221 989
709 108
885 756
348 879
109 954
618 828
108 829
674 548
201 132
63 360
326 43
879 402
655 198
696 688
857 840
942 902
413 579
162 207
483 233
310 357
827 675
33 39
499 123
332 54
817 722
378 464
853 720
50 704
689 676
250 139
260 686
186 769
340 990
300 528
248 472
670 662
61 694
769 320
479 688
406 373
404 653
997 947
295 287
638 377
154 124
922 865
300 823
901 552
49 91
107 317
296 711
478 229
762 828
182 581
490 180
684 974
896 448
623 91
863 477
390 968
958 964
694 593
150 727
877 28
344 11
804 192
803 78
143 830
127 685
309 728
889 945
203 12
899 438
154 808
641 391
86 51
667 6
749 136
554 370
612 893
695 588
767 876
935 6
158 995
18 631
639 876
555 108
416 891
311 830
978 248
428 136
896 711
690 783
17 244
58 888
572 132
563 73
211 354
425 452
442 226
879 342
597 73
108 180
662 758
867 582
623 606
747 739
238 669
49 180
745 552
844 803
402 828
724 153
9 732
73 472
481 54
151 940
462 102
52 720
116 209
935 129
328 849
46 962
401 91
214 841
149 971
16 360
555 370
717 329
322 803
572 792
857 580
583 883
362 379
293 303
30 301
500 846
265 828
683 106
484 579
442 398
72 870
183 535
431 576
374 597
720 136
989 864
254 290
407 918
896 13
80 721
294 492
786 715
708 795
646 744
257 374
209 588
76 42
889 875
431 246
7 699
976 386
268 591
944 418
449 381
833 277
631 8
372 252
321 653
494 219
561 2
710 552
159 359
147 34
437 558
820 362
143 707
691 588
721 944
692 861
834 707
550 984
850 517
774 406
123 888
734 795
599 113
843 591
247 367
350 423
745 314
116 573
175 34
704 695
102 958
540 51
187 205
176 729
701 862
803 703
871 373
511 820
660 832
46 301
106 238
748 370
591 941
191 427
749 142
482 356
670 641
423 277
862 900
362 104
723 74
483 546
376 828
196 917
594 7
887 129
54 78
338 674
857 845
67 333
638 660
54 750
822 447
745 776
665 596
668 944
402 464
465 303
613 813
686 955
418 421
681 830
284 695
514 576
772 721
517 540
76 676
276 722
40 824
4 418
799 729
396 937
994 250
426 610
76 366
227 975
550 38
643 98
264 1
618 414
742 296
824 57
533 11
520 63
926 854
208 554
227 757
197 947
929 199
334 890
700 472
965 959
149 515
931 653
475 362
335 472
844 418
278 688
699 950
28 6
797 233
239 483
253 585
850 158
265 38
464 430
759 50
719 99
977 56
445 844
225 669
381 74
561 443
788 718
851 362
606 452
44 73
773 146
118 609
398 974
800 828
988 904
684 832
794 246
41 381
300 849
609 486
639 519
919 190
768 952
882 937
345 101
751 301
698 889
743 973
643 365
381 739
180 829
269 876
447 716
350 279
378 574
422 394
143 458
806 337
401 154
500 919
150 171
366 360
724 27
938 407
746 843
346 329
617 964
678 370
583 933
29 354
240 60
526 625
215 329
587 472
761 434
607 277
460 610
550 602
189 54
698 32
265 359
613 802
468 592
17 130
673 968
591 177
44 297
332 631
653 933
290 617
67 923
21 591
830 356
904 155
238 828
82 604
123 72
685 605
949 431
700 834
348 431
330 750
192 370
934 868
214 431
77 265
867 695
902 579
226 779
78 139
305 955
390 135
900 20
211 580
424 387
860 930
260 72
310 318
857 867
835 868
191 57
942 952
493 971
14 820
797 588
213 735
830 752
546 41
969 886
295 449
86 638
368 120
910 174
433 130
247 143
293 104
703 277
11 434
384 248
541 702
950 192
884 367
822 546
598 525
944 941
971 226
150 967
703 779
276 883
410 105
426 733
775 305
7 876
960 413
712 57
354 614
7 73
219 904
565 430
483 269
695 78
761 779
466 642
426 634
133 8
903 828
712 862
323 83
797 89
187 590
371 876
326 837
204 917
879 952
228 106
900 427
456 876
68 721
218 307
403 217
301 963
3 155
248 370
428 788
192 113
804 376
964 839
581 415
231 411
830 816
143 71
270 945
300 448
743 70
337 192
537 301
85 4
324 667
344 893
610 308
543 703
849 818
103 832
937 177
332 354
3 20
548 73
758 94
410 141
16 792
174 155
626 338
455 858
677 343
121 293
531 397
479 581
81 979
230 554
319 26
360 320
981 325
645 694
865 289
421 744
305 684
499 962
301 329
926 839
748 722
331 24
358 906
846 699
605 950
104 963
427 832
845 875
367 198
200 583
5 404
401 366
88 632
256 247
746 826
554 950
28 106
651 250
41 418
618 839
236 265
429 964
771 546
916 989
246 870
679 700
668 920
165 0
836 952
230 489
86 677
852 720
661 139
904 425
444 752
976 6
74 963
941 94
956 745
9 771
372 718
53 378
981 983
547 248
769 136
476 465
857 861
576 824
677 967
764 994
132 301
506 554
36 942
197 933
448 111
335 125
736 771
837 146
360 870
902 995
938 448
458 34
963 618
765 301
932 411
850 287
274 685
710 46
56 342
73 360
640 858
375 51
337 11
864 101
15 739
256 985
155 391
711 706
693 51
332 212
464 105
923 359
133 379
447 277
485 434
487 280
557 577
531 982
483 634
479 757
487 24
997 906
345 499
511 972
535 248
195 544
599 314
64 937
351 238
603 946
133 146
535 799
818 486
21 414
631 563
283 847
518 908
88 993
233 51
406 6
484 430
495 233
705 136
221 715
785 994
682 881
776 628
57 180
706 74
12 554
335 139
569 774
376 554
791 67
28 51
824 606
804 343
145 541
991 843
488 821
259 621
554 303
124 414
533 431
849 854
20 32
84 876
5 471
534 452
8 720
380 515
967 101
641 854
45 456
678 434
613 618
689 741
30 648
667 918
897 669
313 998
996 93
277 839
421 415
86 476
351 474
689 528
222 190
261 724
73 6
912 330
707 113
437 868
359 614
542 822
140 167
48 606
49 934
540 823
580 717
458 752
570 34
481 401
323 897
717 452
670 814
280 290
157 0
453 488
113 739
200 32
117 113
119 931
812 662
338 383
312 67
445 567
819 17
63 147
532 494
82 247
513 250
29 733
834 303
125 258
250 301
830 474
903 757
571 112
155 113
10 492
151 894
531 69
485 39
56 133
749 236
177 814
490 582
848 524
882 678
801 375
401 615
491 739
727 99
537 364
799 89
60 605
661 944
480 306
939 115
754 732
400 613
756 917
660 856
951 576
537 839
620 6
388 639
349 845
567 918
424 771
863 677
392 880
545 840
660 192
78 73
144 665
181 379
281 171
667 391
182 510
349 367
320 828
608 975
839 739
415 739
567 941
891 521
196 769
409 458
362 965
505 417
997 203
928 902
449 584
87 528
661 849
19 126
366 146
5 586
255 325
61 189
210 94
904 321
781 361
774 153
751 675
46 839
2 124
107 799
787 704
107 831
189 339
685 950
255 750
294 582
65 272
578 971
703 998
868 418
820 554
731 606
861 252
338 4
835 823
218 753
948 13
697 525
48 252
800 625
253 777
413 902
845 308
155 963
334 687
997 971
401 192
611 873
727 757
939 992
284 136
570 854
736 949
240 891
984 778
552 360
74 828
825 841
362 943
972 8
219 890
1 779
361 963
801 820
114 362
178 5
36 662
542 684
29 718
572 32
314 593
135 614
611 546
957 266
369 554
325 280
362 964
129 379
159 641
673 147
310 717
405 620
146 391
741 490
250 414
748 441
11 744
308 177
267 194
356 272
765 659
981 21
712 861
928 639
168 155
367 778
463 659
517 826
431 46
341 448
969 945
913 901
849 845
26 965
427 407
59 995
438 952
890 394
726 302
915 833
41 417
306 897
123 246
872 484
369 94
603 113
626 950
421 320
96 472
390 512
300 477
766 634
813 876
539 818
636 498
1 754
544 329
522 697
777 78
147 979
509 449
585 72
214 707
655 54
983 21
11 430
815 261
181 758
833 614
519 548
931 917
562 795
375 641
134 272
564 933
501 167
308 376
551 397
206 628
500 418
784 177
905 654
811 84
645 365
725 784
318 437
848 226
8 963
852 209
209 329
713 732
670 24
382 366
882 758
881 929
139 618
827 98
562 126
895 732
720 618
599 899
571 354
301 104
138 442
706 162
76 870
377 314
447 407
75 600
314 41
968 579
45 544
205 615
334 695
572 870
978 961
306 162
385 875
30 574
824 38
979 108
876 828
675 552
211 854
467 205
543 903
37 196
456 954
892 99
915 68
425 601
971 685
257 668
423 576
566 598
110 474
520 688
630 703
864 302
87 129
220 790
647 105
540 414
997 300
71 685
641 498
231 841
845 975
359 421
233 418
737 333
701 503
337 284
752 472
698 84
775 845
459 443
878 415
869 907
552 232
351 381
382 18
534 134
109 343
392 510
914 558
82 675
301 38
613 734
226 181
140 824
616 155
722 215
197 337
994 618
894 313
453 398
102 77
578 122
466 875
381 959
985 697
750 941
10 968
235 812
172 564
475 739
284 581
297 615
750 593
308 593
274 661
245 360
188 131
12 73
613 732
102 557
617 356
804 472
143 355
260 769
987 391
791 737
487 666
591 51
884 407
851 371
589 394
343 699
972 360
429 936
436 9
870 839
73 414
885 457
335 525
181 832
845 625
526 472
784 118
363 604
624 680
307 867
677 438
146 417
724 797
475 780
8 108
742 39
922 358
490 620
923 34
139 434
690 654
305 414
752 414
690 658
741 733
698 335
296 47
610 391
987 573
494 983
398 364
901 111
653 614
323 936
918 804
647 653
642 935
487 616
781 774
901 579
477 699
111 588
70 662
689 742
966 710
913 779
591 952
967 379
639 351
456 583
661 9
811 394
116 229
43 117
842 702
226 225
908 223
682 123
185 660
492 91
951 81
984 194
866 486
224 498
408 486
913 904
966 614
710 232
346 438
864 284
874 422
289 192
927 33
1 7
193 994
566 162
697 944
341 901
240 792
407 105
568 506
533 656
380 979
11 548
97 588
131 870
604 694
539 526
100 135
26 106
433 570
671 936
199 104
717 544
827 833
387 843
861 78
510 179
906 591
766 338
781 953
483 374
253 843
795 430
442 171
754 540
871 992
550 48
130 579
574 8
805 601
434 828
166 620
587 117
746 689
585 177
170 967
940 716
27 101
473 281
884 587
551 172
687 490
331 76
678 902
310 680
791 483
383 552
954 265
815 193
851 695
235 11
951 630
418 430
411 21
134 465
495 430
412 817
603 983
46 329
639 383
306 552
87 51
313 769
612 436
488 446
673 413
88 500
517 14
598 301
140 900
121 534
827 942
432 271
224 205
935 964
734 277
959 277
426 287
791 782
692 498
97 103
891 356
377 464
800 277
210 955
98 678
252 329
748 885
887 415
650 503
658 158
265 839
776 707
916 383
835 377
268 703
572 823
92 451
580 593
169 7
717 538
375 103
724 695
280 799
652 623
847 9
859 251
335 598
347 803
687 60
671 248
586 230
922 571
147 250
603 2
622 94
284 381
47 761
850 954
60 934
96 230
562 928
74 6
162 832
103 114
153 876
712 961
430 238
56 854
752 180
755 780
505 430
591 359
560 492
679 621
126 586
150 647
799 618
469 263
983 403
540 959
779 415
498 526
922 929
211 793
45 849
372 877
327 858
838 61
118 146
249 265
1 674
167 91
566 576
875 108
402 136
47 962
384 852
212 968
307 519
591 593
787 824
376 995
763 134
394 77
191 89
456 728
739 414
599 222
44 685
142 609
316 973
130 694
650 676
212 84
746 384
604 339
14 73
66 668
334 471
153 618
165 139
797 146
873 839
52 859
14 926
982 557
693 944
977 654
889 28
520 141
991 603
479 0
595 703
398 431
711 817
491 89
379 739
605 418
75 620
307 165
601 370
390 2
136 414
904 232
173 305
519 329
137 615
862 804
506 430
705 84
419 101
274 171
285 877
853 957
914 945
642 904
596 872
703 950
296 413
437 286
282 711
44 911
877 702
748 42
924 424
480 498
768 941
85 489
175 898
980 346
581 950
170 231
529 150
930 196
140 332
317 739
602 482
946 121
310 854
945 146
244 994
378 106
687 563
183 388
84 132
274 974
204 618
690 342
312 771
246 6
706 949
387 321
54 46
561 447
589 968
581 252
96 499
474 804
308 72
465 876
386 155
704 238
423 530
810 786
493 735
157 470
141 158
260 207
150 143
728 631
493 447
555 180
754 54
184 391
488 914
746 780
574 579
846 342
505 34
990 752
993 870
974 758
897 938
142 847
702 591
299 554
292 244
979 552
579 614
295 713
254 176
888 584
445 678
873 250
863 139
833 593
901 421
922 792
725 141
61 974
575 57
620 581
211 252
985 448
362 962
16 46
980 192
656 196
57 829
104 465
315 209
819 197
134 601
910 158
771 421
619 847
364 620
205 870
899 907
967 146
577 277
866 430
785 78
867 964
449 744
791 31
961 870
661 418
723 854
596 688
14 573
351 519
537 467
788 407
8 828
327 586
236 301
967 356
268 843
413 421
692 812
668 717
366 662
799 470
610 950
547 342
444 78
105 553
159 320
103 923
229 845
271 583
316 859
244 139
507 137
155 614
117 694
427 428
748 50
608 662
30 718
512 903
625 618
44 29
111 854
326 884
592 299
222 794
420 669
198 703
273 205
942 876
168 958
243 414
345 360
434 136
67 12
974 998
311 362
480 735
302 215
125 301
200 203
150 233
850 764
934 945
453 193
135 421
986 809
383 373
902 964
882 663
104 649
572 431
996 281
396 797
389 411
914 967
268 387
75 102
265 588
387 667
110 895
813 484
775 949
905 840
227 894
41 434
484 425
972 933
674 470
558 195
682 731
240 210
631 381
44 867
501 269
927 287
460 204
878 760
878 664
27 351
766 863
505 30
372 855
404 390
128 570
124 579
714 699
637 939
697 470
829 739
78 57
288 203
811 61
19 328
346 301
220 729
203 177
957 29
887 673
328 481
789 608
584 876
862 418
85 33
793 238
487 599
758 555
457 230
578 757
286 71
352 685
216 962
50 917
209 180
51 548
553 414
406 649
730 64
38 434
833 964
417 744
657 112
19 616
852 401
618 870
46 265
357 877
830 967
513 458
890 702
607 56
914 660
601 421
465 359
929 694
641 685
428 942
268 587
947 959
810 924
277 744
783 831
906 329
694 555
949 309
216 97
148 367
653 72
400 306
801 29
373 553
715 982
262 687
260 739
219 526
988 204
84 771
776 873
147 707
323 538
471 750
477 718
730 670
986 333
494 87
515 351
805 252
645 736
74 744
432 492
668 786
628 370
957 649
537 233
19 654
517 209
308 870
944 434
702 370
729 418
447 366
911 719
161 196
430 548
557 80
538 901
838 677
126 452
777 503
71 631
68 423
4 180
122 618
608 814
233 873
554 379
496 418
989 895
996 24
308 761
407 180
89 952
838 721
213 775
490 699
676 913
85 660
12 519
651 156
831 779
758 876
167 638
58 391
203 614
705 734
454 120
47 799
324 154
61 125
268 383
112 704
448 849
337 519
502 52
771 875
420 913
819 310
521 244
72 579
139 379
847 718
892 279
453 717
157 287
185 990
741 17
595 778
536 455
898 313
934 870
450 394
464 134
423 177
592 854
242 363
196 724
647 378
382 76
413 381
344 732
279 834
153 181
803 6
536 964
365 141
641 963
160 672
583 834
18 998
115 232
590 232
99 373
936 744
669 870
157 758
166 576
58 720
60 788
276 18
303 329
686 309
16 744
617 94
691 113
348 244
686 246
279 537
980 859
893 193
826 74
762 547
753 226
129 963
987 970
866 410
23 181
571 706
525 438
702 832
999 16
414 370
572 975
933 839
620 472
575 394
202 854
26 203
579 74
384 476
197 669
598 376
206 975
181 935
424 744
668 735
917 258
254 896
70 461
331 474
418 472
682 208
939 428
144 812
5 971
12 106
737 871
847 356
964 360
562 266
28 73
374 141
412 622
193 591
540 625
319 902
893 305
487 271
192 828
54 662
466 616
917 472
646 732
525 309
707 41
104 935
220 185
488 375
875 588
824 238
833 94
99 180
483 697
130 923
479 941
821 588
292 277
602 528
810 154
420 301
656 779
985 423
531 538
511 418
500 771
229 662
783 515
132 917
743 82
119 627
63 181
382 476
467 799
202 972
566 443
930 76
273 173
200 965
117 373
516 247
642 680
190 41
629 859
991 559
62 732
263 407
44 912
540 277
852 628
656 110
537 114
790 106
870 614
639 617
253 197
678 873
594 833
928 30
126 871
11 720
103 9
12 729
462 750
662 628
230 379
605 588
930 390
287 521
532 979
869 191
98 8
353 489
719 808
368 244
803 9
362 207
323 845
742 792
311 954
291 685
354 476
986 226
29 441
582 615
986 557
549 120
731 101
365 856
476 340
704 729
54 146
225 381
892 706
71 704
312 249
985 753
359 814
803 18
584 418
313 193
695 707
369 320
571 721
43 250
661 120
634 734
780 648
932 990
161 6
759 872
179 261
845 707
381 94
210 863
254 57
109 875
428 579
475 490
695 526
270 157
42 217
716 901
985 913
450 853
385 63
914 954
274 20
209 995
91 303
592 12
69 199
433 727
85 627
80 845
857 572
588 548
442 293
854 379
266 421
198 357
905 282
550 385
262 302
697 407
71 418
473 873
583 622
330 18
430 277
843 320
291 373
166 915
782 863
367 649
229 356
318 446
716 831
603 383
665 696
560 934
558 649
175 935
378 582
509 940
300 458
489 744
865 477
920 430
649 252
338 892
351 486
680 360
539 833
64 926
332 846
852 678
584 707
27 464
810 745
647 587
257 861
278 593
77 541
344 526
162 618
812 754
581 555
831 605
841 866
142 973
522 566
65 73
820 467
387 967
998 417
222 441
249 368
875 854
205 73
868 225
686 225
730 918
209 158
85 555
43 379
733 615
291 84
238 752
220 599
872 832
509 491
160 101
108 73
293 995
484 534
798 3
910 412
90 988
552 998
802 733
204 754
123 106
926 124
600 987
569 762
976 584
0 434
204 230
27 584
753 342
789 305
948 668
853 304
2 154
539 442
202 313
243 241
789 832
832 828
664 28
819 705
426 724
537 366
17 779
698 260
48 320
727 548
846 958
456 9
44 84
25 496
339 649
944 272
658 48
247 661
958 233
413 563
515 146
485 757
45 66
642 438
424 346
26 620
31 101
529 291
660 976
369 284
498 205
122 597
569 754
832 136
706 828
990 829
608 941
993 574
976 845
712 901
287 717
944 829
357 158
37 859
921 146
302 225
497 618
478 769
356 418
130 840
967 950
229 955
487 253
361 421
8 472
915 699
637 394
65 277
227 871
173 581
317 688
207 768
450 512
500 863
89 458
504 447
801 836
147 732
706 514
242 259
224 844
344 249
367 808
975 78
301 618
105 113
391 192
36 926
30 192
260 831
287 425
999 662
218 203
724 342
175 645
657 689
317 356
890 729
480 441
186 155
348 738
342 824
709 156
317 855
433 208
218 260
6 329
640 975
119 745
820 667
54 192
814 472
78 588
758 739
588 415
291 177
768 308
667 108
609 505
561 659
936 662
294 541
552 739
714 720
691 254
738 225
1 979
909 722
371 414
422 421
16 587
846 269
52 917
697 274
530 945
90 38
597 486
482 958
265 752
588 277
522 639
242 225
386 113
680 882
239 817
69 428
346 695
529 283
556 848
185 446
525 425
856 582
762 89
996 165
40 605
450 847
863 277
55 744
473 638
300 544
648 534
215 728
515 94
22 483
388 594
609 931
303 828
671 680
867 541
188 885
742 803
729 21
595 371
242 58
508 994
862 405
929 620
772 608
143 2
664 77
696 416
240 935
114 967
423 917
741 865
815 914
26 854
568 430
92 212
235 245
25 708
273 104
276 121
730 968
800 417
315 365
720 272
922 431
616 99
620 265
971 123
580 476
233 250
763 683
634 945
302 360
846 674
940 189
375 964
353 414
57 329
405 411
339 823
386 699
594 490
117 828
222 586
968 699
798 686
690 171
331 539
675 174
223 760
13 2
383 421
759 17
689 772
407 570
205 430
618 320
906 673
766 146
130 57
556 867
801 859
513 742
845 373
363 727
878 475
938 251
377 20
184 414
873 757
755 68
766 185
418 950
536 976
497 263
406 108
750 146
170 767
35 138
554 870
827 864
985 268
139 417
547 329
992 758
751 123
912 475
454 405
852 57
893 808
408 868
239 826
627 410
992 356
665 413
227 263
943 272
655 107
676 198
576 20
2 376
854 963
450 195
634 882
111 833
53 385
986 702
321 11
779 548
506 616
981 390
45 715
183 812
253 855
733 181
546 832
472 272
50 847
818 94
490 544
57 376
625 870
304 826
612 724
769 371
265 902
74 614
512 305
838 20
790 207
562 367
331 962
143 543
179 406
139 272
40 134
435 390
18 816
448 139
403 107
96 986
227 680
965 990
18 546
388 330
863 722
792 756
752 6
684 421
843 77
881 377
522 197
632 420
20 628
332 368
839 113
395 192
270 526
907 744
546 779
438 769
580 510
68 46
656 370
705 913
53 612
659 464
348 993
33 530
187 51
271 889
498 402
608 555
39 337
484 769
433 733
968 74
72 155
590 268
311 454
8 139
808 975
120 225
195 546
923 779
134 65
138 67
212 305
128 116
371 618
354 888
635 31
494 752
324 843
25 189
212 232
913 589
438 877
903 193
473 386
677 541
410 739
671 920
684 41
298 848
477 702
816 699
169 123
524 647
722 744
165 362
492 417
639 431
244 78
881 121
392 348
867 779
658 60
25 726
305 490
313 155
567 277
353 200
983 289
67 74
726 125
69 777
458 8
572 317
945 685
371 752
924 321
165 180
728 434
605 421
768 373
506 361
955 926
157 683
387 65
184 839
234 482
717 866
905 447
457 386
707 265
259 765
988 343
703 111
706 579
133 833
410 57
657 409
713 59
259 657
529 554
379 614
277 614
929 265
708 112
1 198
743 512
618 417
416 339
279 968
264 12
289 133
543 301
569 7
421 839
199 65
864 903
133 731
267 992
925 226
264 303
326 268
206 562
788 582
420 314
930 371
877 965
465 238
260 847
665 492
718 301
421 739
168 975
34 113
110 678
166 907
678 225
254 735
305 769
69 314
11 941
334 724
161 887
348 54
960 794
180 320
485 71
376 548
760 918
48 553
532 130
805 974
282 714
511 954
321 610
395 561
542 302
99 209
261 464
879 733
396 944
724 788
316 585
342 757
233 943
944 238
728 950
380 758
881 153
565 354
118 828
541 252
742 683
563 998
64 246
266 430
300 492
419 373
208 305
321 744
351 57
929 438
287 361
83 618
94 828
901 141
222 425
897 704
670 924
961 329
917 391
221 833
42 546
630 942
12 961
24 189
803 809
265 225
769 995
673 721
173 203
124 464
207 570
201 411
778 233
7 38
115 760
780 588
611 199
650 955
982 992
822 545
80 591
13 876
208 476
413 139
913 30
53 235
405 14
563 314
976 901
455 823
909 628
580 711
446 593
923 662
446 21
762 32
577 771
360 828
960 198
482 333
322 146
527 600
11 625
695 181
708 296
731 519
278 528
155 192
534 933
379 415
985 540
553 628
771 588
239 225
619 870
89 232
533 309
244 383
188 189
522 515
226 752
294 232
431 465
804 252
526 601
247 398
341 951
436 554
791 295
36 147
321 418
570 662
630 929
927 195
834 904
585 33
33 141
922 372
756 721
493 410
12 50
691 115
669 995
589 576
879 757
534 699
163 231
413 574
527 757
34 272
379 320
101 414
67 893
105 579
214 923
748 190
374 290
863 845
624 705
48 305
798 704
930 891
174 840
872 584
737 519
384 571
289 574
886 38
199 941
262 287
166 952
602 855
72 360
75 490
176 257
853 893
294 744
803 814
508 562
151 1
656 893
529 246
209 32
899 968
364 7
140 378
840 238
740 992
382 858
911 906
627 449
81 754
842 197
920 189
597 217
447 856
123 73
501 2
165 308
900 465
284 359
315 607
191 9
594 134
532 257
992 968
657 362
706 519
675 541
3 150
533 251
120 180
665 616
729 477
826 195
125 601
872 38
602 535
631 950
501 246
70 705
263 68
371 601
960 753
774 381
147 768
983 993
921 691
547 265
767 6
865 233
936 99
467 769
735 526
834 832
823 379
621 74
206 971
269 588
302 555
222 106
603 947
313 226
177 720
618 744
14 694
236 827
660 7
498 80
85 147
977 173
390 548
600 658
245 39
654 936
59 246
743 647
792 779
443 608
908 345
637 864
439 116
589 418
835 58
629 797
367 694
781 297
220 165
638 676
603 890
545 950
9 233
977 402
308 78
211 87
966 697
232 605
173 16
13 583
240 431
185 704
591 192
505 464
183 628
878 291
647 992
405 716
430 876
910 747
907 584
151 283
488 9
90 336
374 792
9 942
515 74
496 289
444 615
24 747
127 406
325 745
756 963
10 659
577 926
771 146
345 832
480 647
955 933
494 464
497 199
743 157
924 333
811 120
889 464
52 87
853 12
728 582
814 108
260 583
826 125
438 321
459 343
202 649
444 720
877 519
172 641
808 526
215 694
705 893
528 780
573 71
205 570
237 329
688 136
992 721
595 744
827 409
870 329
288 545
676 74
433 384
364 854
250 376
547 625
258 584
707 732
200 964
799 351
72 779
843 662
245 666
495 76
310 101
372 249
266 546
584 591
506 351
725 42
991 869
529 467
860 805
37 59
230 415
606 625
452 552
943 720
560 602
466 795
273 287
73 870
548 370
256 901
939 50
686 369
784 287
895 993
247 638
591 963
867 917
505 625
706 403
727 366
747 768
996 145
279 762
639 883
694 146
86 868
465 113
337 649
80 209
944 41
579 752
628 555
160 397
811 308
443 706
461 662
166 855
273 431
336 94
410 868
230 992
931 617
670 84
410 470
424 817
319 625
251 683
98 727
712 752
763 381
276 602
473 724
583 702
871 366
606 232
14 540
514 134
529 448
748 715
863 993
939 757
577 50
977 638
509 840
995 415
212 8
839 614
358 369
92 400
344 190
265 238
817 998
123 217
301 155
16 789
61 856
849 129
389 627
656 792
195 686
644 577
579 277
793 540
712 274
437 291
726 42
624 230
990 944
801 28
731 74
972 217
990 57
926 952
957 647
219 779
661 521
522 335
98 995
513 971
632 547
394 434
511 523
164 161
951 506
515 553
52 783
143 364
13 849
736 619
42 407
949 452
158 979
248 581
291 27
948 406
277 272
406 417
226 101
74 414
292 614
536 47
225 379
222 476
761 225
446 828
632 237
472 329
881 27
608 530
624 737
87 788
97 147
711 143
697 12
912 570
518 772
401 135
43 421
657 573
722 177
897 914
636 791
669 34
178 894
518 687
631 548
289 479
427 99
500 82
897 937
729 614
707 959
954 695
502 965
389 463
227 225
649 964
11 41
359 555
134 959
102 694
509 335
475 154
687 757
187 786
205 526
162 662
226 421
932 694
749 493
718 574
945 588
192 414
568 882
299 443
174 84
747 653
976 757
464 34
192 739
622 588
432 445
183 608
346 193
162 941
260 519
21 703
955 430
439 281
439 71
845 553
173 859
352 889
298 490
663 77
2 540
451 633
955 207
97 230
315 983
682 715
463 606
784 553
437 739
968 0
95 608
821 11
879 11
130 339
478 426
645 121
958 205
118 558
228 266
110 864
635 449
602 41
212 678
614 272
699 417
533 735
595 553
437 711
416 697
20 464
419 364
668 647
996 771
299 660
910 783
392 176
466 339
207 124
672 482
316 965
23 599
112 795
292 419
440 20
602 505
529 716
557 667
560 850
732 952
159 364
570 104
543 606
302 413
789 412
804 552
724 625
474 146
335 106
54 843
732 758
69 261
190 952
695 474
739 320
92 50
523 587
100 715
788 301
436 124
507 539
244 553
611 759
124 180
942 739
235 18
311 697
166 524
490 413
10 865
599 124
920 154
799 425
910 530
968 718
230 18
431 80
685 252
352 377
893 718
953 234
568 373
284 329
983 371
336 929
548 941
325 303
671 793
145 456
307 414
464 732
639 465
786 647
107 309
615 854
802 97
680 97
132 814
829 839
412 958
271 309
785 363
342 591
884 745
7 593
616 73
34 414
380 647
904 141
559 470
52 948
82 574
922 524
288 832
666 537
500 930
428 649
430 371
659 417
572 557
804 718
194 351
841 339
213 608
98 162
697 65
308 555
635 843
883 472
760 293
648 458
53 297
573 78
497 490
674 933
94 277
362 614
803 321
508 360
222 353
362 768
605 876
861 362
130 576
938 203
413 649
765 421
504 185
7 472
32 876
592 930
682 496
51 381
733 155
225 8
302 394
164 805
201 769
531 406
626 378
769 739
83 503
501 536
96 809
958 335
858 867
808 379
761 177
45 906
103 136
810 87
945 238
48 547
429 914
477 238
34 614
90 47
294 918
946 469
800 795
143 447
854 329
574 593
863 942
742 630
818 581
121 154
858 961
109 465
754 617
209 65
592 807
485 866
293 8
520 36
180 618
107 360
956 394
611 533
674 588
96 764
885 550
816 225
96 101
940 1
680 609
661 804
786 554
846 146
135 942
819 354
275 793
407 301
922 906
784 579
686 716
634 608
474 101
883 950
145 351
822 935
735 831
281 767
692 948
18 934
230 113
213 914
49 777
110 768
660 883
623 274
568 403
847 359
757 94
30 132
303 434
738 490
596 418
417 614
83 80
371 381
157 449
870 739
107 199
766 311
64 865
326 141
898 38
208 229
994 832
676 279
761 581
532 885
518 706
199 605
770 232
773 660
376 758
463 229
178 742
624 67
805 42
355 265
647 534
896 436
872 452
556 950
201 814
661 317
186 452
791 960
511 338
398 244
632 494
94 113
684 386
276 993
32 768
537 225
809 563
156 658
968 277
894 33
620 579
269 303
630 80
30 757
525 901
727 942
737 277
774 425
908 563
505 84
404 589
93 489
407 992
787 680
632 890
532 803
366 778
140 76
132 472
179 32
24 94
888 141
145 631
786 442
233 554
690 742
681 610
389 222
929 933
751 185
739 744
733 965
2 707
284 376
100 252
884 207
597 303
281 814
92 81
296 776
818 975
211 658
311 505
181 73
607 412
945 761
568 887
24 778
910 589
739 828
190 923
282 671
910 448
409 844
662 146
922 675
646 982
753 359
618 360
711 769
760 720
871 141
291 387
890 933
318 505
82 265
144 767
214 229
242 157
669 391
505 477
342 738
301 579
147 876
500 587
862 153
686 840
536 744
588 108
48 563
808 707
242 195
487 563
278 572
476 867
24 17
945 356
615 870
443 669
453 246
430 180
7 301
227 489
952 720
205 320
871 530
652 180
552 415
395 724
133 370
108 434
102 414
172 852
688 832
499 627
731 343
14 348
229 540
86 7
368 618
298 408
411 195
453 607
990 72
920 724
894 441
783 934
531 60
372 933
949 843
136 614
849 975
480 7
650 616
176 797
472 414
330 449
376 155
924 343
866 120
937 610
668 644
611 626
765 524
684 816
76 283
314 699
581 6
331 409
179 903
223 616
731 757
49 903
787 365
545 888
686 799
220 24
253 797
695 975
815 416
521 444
576 371
128 401
952 136
366 77
160 497
35 28
843 158
457 601
6 277
720 370
15 608
506 112
204 797
944 155
313 974
15 79
87 757
206 537
630 788
705 845
287 928
557 589
346 832
917 875
411 414
475 238
959 303
439 844
782 823
126 503
389 155
44 340
602 479
11 418
290 99
10 198
929 883
327 232
243 229
833 548
970 605
913 475
671 498
965 872
81 481
344 17
47 944
338 627
396 895
814 370
288 627
254 929
819 304
955 490
998 371
975 829
214 686
995 272
441 926
365 621
797 309
147 111
542 656
693 694
195 761
812 124
338 931
938 377
266 816
17 521
553 136
175 417
411 174
937 438
984 982
889 342
893 820
524 57
543 648
936 217
412 210
922 467
46 918
893 617
557 929
957 674
658 584
702 250
81 479
577 574
862 65
352 997
259 836
859 538
228 97
518 190
178 316
276 669
882 127
142 446
254 476
569 520
211 279
870 113
207 41
142 206
269 933
462 282
596 545
859 525
562 29
119 446
149 394
329 744
826 732
725 858
791 441
473 33
571 320
409 719
162 994
640 65
41 555
790 190
419 817
133 359
187 506
564 760
637 530
875 574
464 952
575 758
574 472
481 240
592 823
938 949
14 717
441 883
648 226
741 903
209 207
709 751
538 18
662 78
41 998
651 933
296 903
482 169
182 141
375 900
579 136
361 528
504 857
894 309
668 854
652 888
87 959
401 647
801 503
492 526
628 739
371 360
443 727
397 765
337 534
885 984
345 572
572 769
248 944
468 479
756 718
974 553
872 244
245 776
286 653
47 866
353 113
898 108
700 664
679 343
72 252
113 414
961 379
797 993
110 994
871 383
75 39
974 614
936 588
678 944
915 391
342 546
984 339
384 513
105 421
824 720
123 685
804 277
432 597
209 975
813 668
222 72
528 972
85 113
573 72
18 99
643 846
706 832
191 136
906 391
114 158
106 359
757 124
948 954
110 124
726 694
803 105
374 893
526 434
806 622
304 174
260 195
847 474
246 413
925 971
380 331
941 752
745 950
105 430
424 871
562 813
67 776
936 521
33 803
689 386
123 902
314 129
157 862
331 410
290 413
137 894
450 287
441 413
304 863
330 303
684 703
238 192
346 622
541 465
20 854
497 303
4 0
286 888
701 952
948 585
263 990
656 862
864 199
57 744
190 818
737 303
378 465
96 251
586 106
519 7
263 622
672 625
517 51
685 832
815 768
137 587
822 799
876 74
935 628
988 173
680 663
517 893
379 34
298 950
785 719
315 685
655 557
606 38
499 280
46 563
428 308
732 7
577 225
631 252
653 574
121 99
83 454
21 381
15 54
263 552
30 366
970 579
668 663
416 274
305 225
240 467
968 563
71 747
383 452
277 828
102 963
16 843
935 814
980 226
335 605
367 889
768 620
583 199
384 77
339 828
630 760
64 139
425 38
508 491
160 20
100 440
595 375
736 649
403 246
498 369
565 719
284 902
251 660
684 669
976 489
266 854
423 760
118 105
602 38
960 624
195 606
854 381
19 1
2 739
187 883
442 317
792 891
159 591
271 597
506 241
209 379
673 207
159 593
217 452
296 683
524 195
994 356
847 272
342 0
995 614
840 718
178 416
628 601
549 204
51 430
875 744
74 94
522 477
239 989
27 605
776 669
919 716
166 594
28 303
144 786
206 416
151 325
266 829
396 553
209 199
595 386
508 82
918 631
373 752
868 582
486 155
577 127
377 625
920 367
469 403
436 146
463 166
496 414
933 343
801 530
220 938
915 965
627 452
850 133
562 617
362 177
201 48
534 472
732 418
682 666
329 417
899 181
306 884
171 376
754 702
355 804
522 554
963 829
992 314
306 91
11 669
427 91
105 129
547 716
73 180
810 485
195 901
921 861
842 505
193 244
598 548
175 146
119 758
577 379
105 34
159 840
889 252
620 964
663 593
84 30
352 97
620 875
877 699
545 718
129 618
800 184
788 795
590 840
58 2
328 43
27 744
542 147
456 649
139 828
915 339
463 812
600 659
750 943
958 27
913 20
741 539
452 232
24 193
302 521
273 204
772 823
298 917
350 718
965 205
252 421
450 707
106 72
622 945
778 244
950 379
9 18
586 458
315 328
948 706
708 931
920 793
535 581
30 51
780 855
60 464
813 831
735 7
788 421
831 992
742 484
684 994
199 434
362 843
157 118
813 627
247 137
20 113
480 867
864 873
125 406
479 967
424 972
442 124
81 657
601 720
301 555
570 828
141 136
926 141
101 434
382 352
976 490
269 193
402 101
551 304
234 232
538 879
227 790
945 301
78 430
500 491
908 182
364 945
863 356
13 625
932 671
740 304
134 739
922 582
771 970
542 659
412 982
860 607
741 475
21 124
725 409
287 843
949 379
256 587
28 7
405 618
340 547
313 217
881 274
39 117
593 720
298 712
517 199
60 50
141 89
137 165
16 512
313 120
388 939
483 123
261 831
69 659
649 57
603 560
429 544
604 872
341 125
821 717
939 283
621 230
10 604
806 146
265 465
764 353
118 738
273 192
680 863
114 631
963 434
386 376
976 685
424 497
731 593
854 555
845 744
382 271
286 589
802 854
616 618
891 955
28 702
673 703
199 376
96 442
939 429
315 919
640 142
557 641
857 110
824 417
535 303
156 547
162 34
499 526
4 809
127 51
697 839
9 555
306 97
964 34
808 768
82 828
940 526
779 129
595 421
843 868
5 480
89 769
8 329
617 548
153 8
35 865
230 238
500 203
332 454
156 208
153 329
4 481
918 875
951 753
355 32
282 828
125 728
288 467
469 721
786 284
615 828
194 669
606 108
726 900
858 130
519 364
695 732
479 694
607 251
656 732
331 863
759 939
503 351
648 779
242 496
356 421
199 554
530 744
962 615
149 476
505 528
255 123
390 50
391 379
871 771
37 107
999 258
212 325
282 774
137 873
131 477
757 703
51 265
242 669
986 970
705 832
949 814
884 964
213 885
884 376
500 160
687 777
163 337
945 944
264 902
636 11
796 721
368 410
401 120
141 526
690 647
389 90
217 225
176 731
174 598
976 177
981 818
355 995
908 270
631 555
650 737
483 111
662 11
639 63
260 653
787 28
60 873
158 308
574 832
650 896
623 563
80 540
845 804
851 131
285 286
500 796
960 748
780 963
718 391
249 205
31 808
360 136
693 524
655 478
671 39
206 669
228 215
331 621
585 497
564 314
190 448
499 371
757 779
514 423
695 840
779 828
649 155
801 192
512 60
73 277
939 797
375 411
676 971
382 395
289 367
173 546
625 964
836 330
389 505
406 829
373 111
515 34
936 129
832 628
111 8
562 915
163 677
876 238
999 823
177 139
50 738
752 192
924 355
953 488
493 767
787 61
896 662
655 484
515 803
927 548
894 965
294 540
239 284
963 6
550 931
882 888
821 230
135 729
886 622
966 768
187 354
240 340
812 644
68 41
234 288
273 628
907 918
321 649
621 127
182 484
710 464
456 18
811 453
830 184
438 199
954 301
107 591
737 872
752 434
436 360
334 421
158 950
455 43
995 414
649 699
218 356
620 618
522 475
20 816
143 845
33 695
230 649
697 661
938 994
371 555
690 419
100 42
179 639
792 80
164 412
417 34
482 386
585 401
241 757
519 314
351 923
345 691
265 593
730 979
578 80
368 555
432 382
2 177
641 555
589 758
758 870
615 458
364 250
778 622
313 944
202 190
24 77
845 329
916 920
267 408
265 554
905 20
478 286
232 548
99 649
222 158
206 545
770 760
961 391
676 390
231 847
171 526
636 754
353 979
595 14
327 914
766 105
786 58
596 761
559 130
735 50
795 872
171 108
632 204
394 972
630 754
122 204
726 547
723 492
384 826
789 617
352 367
691 353
249 39
907 955
934 804
938 133
594 694
375 499
779 526
289 598
342 120
250 854
231 863
681 583
910 975
936 591
264 66
866 669
164 931
468 27
460 612
360 277
123 816
814 961
586 769
550 346
989 449
20 301
478 683
185 107
429 879
298 175
461 994
796 818
445 240
899 535
220 301
647 346
875 628
436 870
366 574
106 945
324 774
349 581
207 7
777 265
25 765
84 7
459 93
250 935
67 717
923 0
894 952
465 964
19 447
784 84
425 8
109 776
787 730
277 415
70 91
205 139
491 657
295 511
358 264
97 757
815 265
657 900
587 906
778 74
530 855
995 739
427 605
787 748
449 667
21 757
699 414
812 436
566 514
324 174
113 614
327 90
629 775
189 639
123 413
968 452
983 849
607 369
682 698
145 538
156 878
194 703
150 415
26 961
447 809
581 370
139 370
486 758
255 583
25 702
72 320
702 265
352 653
762 702
891 448
492 0
636 513
784 538
858 610
181 192
87 945
604 11
440 63
209 266
324 505
265 146
276 893
193 94
168 563
638 489
459 207
222 780
887 720
41 669
287 875
406 192
232 554
931 503
288 368
337 552
981 274
126 902
699 272
34 370
852 403
435 184
452 8
928 114
876 414
800 530
173 209
243 896
141 995
922 230
351 721
585 737
543 828
274 461
979 73
223 677
433 689
547 177
745 434
395 248
855 434
25 999
393 212
917 226
530 127
662 554
746 894
669 414
433 416
915 541
221 962
35 503
639 816
930 952
997 950
522 613
240 106
186 570
267 336
878 680
889 94
727 335
955 124
31 963
349 182
581 134
705 943
917 581
582 553
470 329
522 199
684 584
458 548
378 113
153 134
490 101
515 591
522 29
808 73
151 884
546 57
683 993
577 891
81 361
718 113
882 356
991 573
365 207
246 329
468 288
954 547
13 438
615 779
648 942
32 386
600 475
87 968
942 941
161 154
903 233
782 575
822 889
724 141
683 406
707 430
138 124
424 557
840 101
949 639
780 788
685 779
737 2
284 371
296 302
23 684
830 994
110 902
411 294
487 730
195 990
840 945
826 875
580 320
607 165
293 474
685 961
633 130
699 376
877 673
933 649
424 303
976 778
267 827
171 707
888 54
349 335
481 521
370 272
846 94
916 671
346 541
114 729
218 269
118 141
51 370
275 475
901 158
662 139
780 579
803 452
580 36
834 579
450 760
436 344
932 190
127 662
693 166
703 555
727 369
182 162
765 13
661 688
259 589
987 348
733 843
657 530
277 320
109 365
71 355
587 444
500 512
821 202
182 497
26 313
115 820
979 301
684 870
351 134
754 94
76 744
843 699
196 582
518 5
798 936
848 373
497 703
457 587
820 226
163 786
585 818
521 769
701 683
987 720
531 301
939 926
294 631
365 26
907 421
492 631
642 513
622 303
690 355
530 918
994 225
820 702
317 303
785 895
358 149
493 475
867 845
952 6
553 65
438 297
538 225
107 962
882 547
366 968
582 180
78 935
695 653
735 545
94 329
810 487
569 238
282 933
542 514
986 992
975 935
275 20
190 639
335 702
730 123
141 998
459 40
491 738
208 609
614 744
365 195
25 512
375 975
857 300
993 74
542 558
198 659
805 222
206 208
151 656
783 758
849 51
696 260
102 727
323 415
879 667
280 834
558 244
848 596
145 560
215 752
483 893
674 627
30 868
492 923
918 314
160 380
450 717
415 136
911 601
393 113
255 724
900 428
273 835
299 905
862 423
865 348
695 809
768 593
59 846
640 101
157 293
873 923
971 754
378 472
987 388
131 705
986 639
166 154
591 381
218 646
737 661
475 976
824 425
664 499
566 716
355 294
898 702
311 857
376 74
387 605
113 272
160 115
982 828
818 180
178 165
747 688
437 804
371 113
31 387
735 537
139 829
636 815
298 377
872 970
87 153
745 467
480 987
942 818
812 146
705 93
202 942
767 260
259 97
982 84
175 954
260 935
819 511
798 411
5 997
146 65
770 542
538 576
709 614
803 308
160 750
751 160
283 335
736 673
420 806
53 814
127 265
897 139
774 970
734 232
125 614
403 486
270 362
56 505
481 27
889 444
820 620
331 406
992 146
837 281
443 69
851 862
814 669
109 820
592 266
8 669
353 818
623 111
762 890
620 718
21 329
215 975
817 710
47 535
156 190
48 768
851 284
864 103
203 305
63 584
938 544
215 9
832 739
14 154
248 694
815 388
649 833
695 8
266 252
612 822
803 768
556 513
436 386
672 387
708 148
401 681
953 147
243 91
283 280
711 431
934 370
424 398
954 63
497 944
594 329
56 373
531 722
695 873
299 652
605 870
22 527
282 277
640 309
559 985
780 73
619 931
941 277
844 790
203 366
800 695
47 98
724 40
704 854
781 201
698 301
45 622
346 731
257 567
217 434
896 875
22 631
398 124
580 844
575 514
163 386
6 379
905 493
118 232
78 101
64 907
110 279
95 745
847 877
472 113
598 233
662 833
353 359
448 414
410 314
821 410
697 17
239 196
485 110
509 801
817 308
235 57
105 935
968 418
308 618
10 357
297 391
382 147
535 97
862 120
680 314
240 776
76 563
651 929
231 431
481 659
113 320
375 958
951 457
647 490
15 259
726 879
337 225
664 200
980 113
195 537
875 57
457 588
868 94
760 91
962 876
39 30
543 329
17 391
341 404
866 917
850 841
347 912
128 868
143 21
917 738
331 720
883 293
444 870
115 486
522 415
201 520
371 277
528 757
812 36
567 704
807 148
60 716
449 104
564 383
552 381
986 246
624 666
122 396
661 362
644 616
364 998
463 892
214 230
442 587
642 547
159 943
5 902
625 379
286 604
751 504
120 6
185 141
967 362
150 901
856 750
140 812
783 103
679 84
335 750
147 74
650 485
967 277
310 120
285 967
817 588
459 150
845 78
861 448
446 184
6 415
230 662
107 606
617 945
859 780
72 964
952 752
717 230
812 79
445 659
581 414
291 891
652 976
570 839
628 828
471 434
779 34
728 134
578 684
123 293
459 954
733 998
787 783
622 376
388 123
265 303
436 941
206 363
553 870
99 421
550 784
149 467
952 320
612 71
309 570
640 342
325 411
442 659
583 662
227 843
884 677
199 11
497 834
876 303
518 590
287 91
61 697
902 814
476 441
679 402
458 414
313 707
692 373
198 699
426 553
256 563
260 828
932 232
117 728
48 458
930 715
404 915
672 476
288 964
536 602
597 703
299 30
595 230
358 656
259 734
224 419
12 418
543 721
678 441
48 817
305 308
704 998
723 329
972 555
52 631
444 574
289 357
905 261
392 723
453 250
420 839
924 995
6 829
740 802
894 555
686 266
767 792
797 963
169 754
358 200
596 899
899 616
875 359
678 133
749 240
934 301
551 747
793 489
813 180
292 340
702 136
621 359
796 600
866 136
895 263
725 314
783 465
252 669
895 484
865 554
663 871
248 94
350 133
226 868
154 199
740 241
952 941
414 320
620 935
643 451
135 162
700 133
32 739
563 605
79 414
350 864
958 452
358 408
439 240
16 875
454 257
285 293
388 266
515 423
513 158
187 961
955 417
376 136
371 554
434 739
335 417
402 94
719 968
400 32
748 72
571 881
255 485
410 77
580 54
286 181
540 8
754 552
513 803
239 596
483 138
411 863
473 627
66 895
538 733
4 162
70 57
506 589
718 814
498 554
734 284
246 993
414 828
448 406
878 482
242 740
152 738
5 426
384 303
293 574
731 855
358 12
489 872
836 696
194 272
443 157
447 760
74 964
621 545
879 0
121 530
157 346
659 40
859 357
633 263
832 155
345 710
991 97
83 570
592 440
693 990
112 250
909 277
585 418
785 113
100 264
160 354
420 337
315 105
369 132
989 667
144 514
304 410
446 833
510 191
600 161
315 598
17 747
866 441
871 707
750 685
437 707
498 739
150 251
658 931
236 745
197 997
806 982
255 79
56 118
484 379
986 14
476 833
163 624
234 793
243 449
816 625
532 733
533 386
249 475
111 998
214 57
1 840
115 584
934 474
662 707
310 687
301 952
400 326
767 614
608 265
705 499
452 180
971 30
161 200
914 760
469 926
567 371
290 265
719 464
810 683
595 489
88 559
946 913
131 454
992 472
152 678
413 11
589 722
861 361
314 6
894 364
867 776
11 417
483 757
20 364
859 799
734 113
137 800
662 854
506 964
377 127
270 65
468 331
15 687
420 971
385 27
651 197
642 884
809 232
319 541
693 68
136 828
214 910
852 839
2 728
176 421
522 778
138 321
59 343
724 799
852 827
883 444
87 950
174 872
997 205
104 625
825 262
612 370
240 277
407 233
373 961
406 662
84 744
139 839
733 703
108 136
966 438
532 690
942 620
375 829
206 366
186 852
893 452
215 73
447 78
408 394
868 6
63 313
727 458
128 581
285 275
568 854
129 73
241 38
244 7
266 843
842 650
768 628
15 421
104 57
723 242
607 105
597 615
677 959
423 329
425 588
387 832
136 272
28 950
989 403
735 722
275 800
143 558
493 412
716 576
537 659
28 94
730 149
645 644
511 147
220 123
612 289
390 876
902 414
578 159
180 828
764 986
492 120
360 113
920 474
174 622
570 57
286 863
685 225
746 411
242 540
516 424
251 868
284 618
838 498
634 937
72 832
983 879
753 32
639 28
1 94
178 278
405 114
613 104
841 909
608 918
70 970
233 91
46 935
836 667
999 95
435 266
520 608
535 406
704 106
637 757
466 855
860 673
810 58
170 737
622 839
996 976
851 326
347 310
107 417
520 343
530 171
69 385
555 421
638 303
901 444
746 402
910 944
730 923
0 833
545 489
474 593
46 180
89 548
749 134
833 272
258 472
814 548
109 830
957 190
673 702
910 790
806 929
384 446
369 141
526 839
534 779
612 185
505 449
797 555
294 141
500 344
556 422
758 952
998 65
998 941
216 31
102 909
777 376
268 832
15 127
183 36
264 952
458 104
174 446
490 308
609 65
820 305
382 50
540 968
650 264
80 414
720 34
468 407
799 366
60 36
478 925
70 505
152 208
336 967
907 335
87 123
247 57
893 663
52 69
198 972
12 974
268 803
684 685
380 525
72 371
492 998
200 809
128 540
548 136
630 78
681 465
629 459
64 579
849 193
124 105
742 733
306 441
197 394
737 89
405 699
413 417
423 832
499 251
993 434
505 793
244 707
773 793
169 756
746 364
409 907
221 961
768 57
803 716
325 336
209 918
523 71
913 727
908 159
628 548
854 950
294 739
457 479
102 489
351 995
177 769
853 864
780 873
192 417
492 57
354 20
263 104
245 833
465 961
579 555
935 8
591 579
57 548
567 361
216 535
452 94
51 959
697 935
246 366
620 829
754 20
308 839
945 902
293 707
706 788
481 321
482 606
677 46
249 419
623 634
568 812
334 147
797 63
966 60
890 942
337 0
352 238
524 583
871 926
829 870
77 104
804 11
556 553
348 266
608 990
394 38
268 877
236 707
97 250
612 572
54 555
251 360
993 51
837 702
961 73
587 555
819 663
229 990
41 415
196 967
717 2
421 34
845 752
46 625
916 644
117 314
689 325
920 684
282 733
394 30
342 833
581 417
869 200
691 619
422 587
973 788
283 193
963 752
163 407
998 6
646 142
107 73
141 662
9 760
674 769
758 554
427 942
552 876
149 18
629 778
55 684
239 943
379 370
276 24
374 828
197 430
606 699
845 134
607 872
335 902
582 707
756 381
19 175
900 558
626 591
360 744
412 57
829 34
539 596
130 734
648 934
121 241
802 739
331 834
55 232
486 111
387 992
892 757
536 90
951 58
855 998
605 379
203 57
105 526
821 852
580 864
939 268
309 758
669 329
114 7
696 215
521 695
231 758
31 215
431 832
28 180
448 127
135 573
108 472
631 180
591 669
610 591
128 437
396 856
544 314
306 362
613 581
229 134
537 103
248 967
294 413
711 98
796 968
160 13
971 489
210 525
396 317
634 300
781 404
592 717
487 260
106 425
68 614
109 817
857 519
126 41
261 398
502 247
110 594
878 552
971 36
763 274
761 414
705 426
283 343
117 952
715 80
442 677
145 369
468 237
771 301
18 359
849 406
989 653
814 758
780 209
207 252
834 903
561 769
966 71
306 70
278 71
949 614
441 158
377 863
374 887
707 744
287 548
443 732
14 818
641 329
187 134
595 272
783 263
446 217
333 65
603 570
547 768
510 51
655 250
845 124
761 995
697 941
411 605
520 374
634 588
259 824
17 72
403 40
128 252
746 200
313 593
159 205
893 141
282 947
896 653
604 678
327 820
836 899
7 34
957 493
802 618
911 895
605 963
673 839
774 94
527 337
32 653
172 850
559 111
620 758
380 457
145 416
369 103
609 300
459 123
524 99
839 744
11 458
761 108
351 941
721 364
726 992
833 34
269 734
652 329
583 489
240 975
310 132
174 883
302 968
704 584
716 631
849 484
468 548
279 329
451 561
460 175
802 198
916 856
973 66
530 804
97 870
569 426
340 555
627 868
798 68
340 998
782 109
602 627
248 117
223 193
902 360
404 913
974 452
625 669
744 414
718 963
982 283
543 902
639 370
190 729
